cities={"Heathrow","Harrow","Ealing","Holborn","Sutton","Dartford","Bromley",
"Greenwich","Baking","Hammersmith","Kingston","Richmond","Battersea",
"Islington","Woolwich"};

allowedhorizon=120;

traveltime=[20,25,35,65,90,85,80,86,25,35,20,44,35,82,15,35,60,55,57,
85,90,25,35,30,37,20,40,30,50,70,55,50,65,10,25,15,24,20,90,45,60,53,55,47,
12,22,20,12,10,21,46,15,45,75,25,11,19,15,25,25,15,15,25,45,65,53,43,63,70,
17,25,41,25,33,27,45,30,25,40,34,32,20,30,10,65,70,72,61,45,13,20,8,7,15,25,
5,12,45,65,14,34,56,30,40,27];
